service_id,date,exception_type
1,20180501,2
1,20180508,2
4,20180406,2
4,20180413,2
4,20180420,2
4,20180427,2
4,20180501,2
4,20180504,2
4,20180508,2
4,20180511,2
4,20180518,2
4,20180525,2
5,20180409,2
5,20180416,2
5,20180423,2
5,20180501,2
5,20180502,2
5,20180508,2
5,20180509,2
5,20180514,2
5,20180521,2
5,20180528,2
6,20180409,2
6,20180416,2
6,20180423,2
6,20180430,2
6,20180501,2
6,20180502,2
6,20180507,2
6,20180508,2
6,20180509,2
6,20180514,2
6,20180521,2
6,20180528,2
7,20180406,2
7,20180413,2
7,20180420,2
7,20180427,2
7,20180430,2
7,20180501,2
7,20180504,2
7,20180507,2
7,20180508,2
7,20180511,2
7,20180518,2
7,20180525,2
9,20180405,2
10,20180501,2
10,20180508,2
10,20180510,2
10,20180521,2
13,20180406,2
13,20180409,2
13,20180413,2
13,20180416,2
13,20180420,2
13,20180423,2
13,20180427,2
13,20180430,2
13,20180501,2
13,20180504,2
13,20180507,2
13,20180508,2
13,20180511,2
13,20180514,2
13,20180518,2
13,20180521,2
13,20180525,2
13,20180528,2
14,20180409,2
14,20180410,2
14,20180411,2
14,20180412,2
14,20180413,2
14,20180423,2
14,20180424,2
14,20180425,2
14,20180426,2
14,20180427,2
14,20180501,2
14,20180507,2
14,20180508,2
14,20180509,2
14,20180510,2
14,20180511,2
14,20180521,2
14,20180522,2
14,20180523,2
14,20180524,2
14,20180525,2
16,20180430,2
16,20180501,2
16,20180507,2
16,20180508,2
17,20180405,2
17,20180406,2
17,20180410,2
17,20180412,2
17,20180413,2
17,20180417,2
17,20180419,2
17,20180420,2
17,20180424,2
17,20180426,2
17,20180427,2
17,20180501,2
17,20180503,2
17,20180504,2
17,20180508,2
17,20180510,2
17,20180511,2
17,20180515,2
17,20180517,2
17,20180518,2
17,20180522,2
17,20180524,2
17,20180525,2
17,20180529,2
21,20180406,2
21,20180413,2
21,20180420,2
21,20180427,2
22,20180501,2
22,20180508,2
23,20180410,2
23,20180417,2
23,20180424,2
23,20180501,2
23,20180508,2
23,20180515,2
23,20180522,2
24,20180405,2
24,20180410,2
24,20180412,2
24,20180417,2
24,20180419,2
24,20180424,2
24,20180426,2
25,20180405,2
25,20180410,2
25,20180412,2
25,20180417,2
25,20180419,2
25,20180424,2
25,20180426,2
25,20180501,2
25,20180503,2
25,20180508,2
25,20180510,2
25,20180515,2
25,20180517,2
25,20180522,2
25,20180524,2
25,20180529,2
26,20180501,2
27,20180406,2
27,20180409,2
27,20180413,2
27,20180416,2
27,20180420,2
27,20180423,2
28,20180501,2
28,20180508,2
29,20180501,2
29,20180508,2
30,20180502,2
30,20180509,2
31,20180410,2
31,20180417,2
31,20180424,2
33,20180406,2
33,20180409,2
33,20180410,2
33,20180413,2
33,20180416,2
33,20180417,2
33,20180420,2
33,20180423,2
33,20180424,2
33,20180427,2
33,20180430,2
33,20180501,2
33,20180504,2
33,20180507,2
33,20180508,2
33,20180511,2
33,20180514,2
33,20180515,2
34,20180405,2
34,20180410,2
34,20180412,2
34,20180417,2
34,20180419,2
34,20180424,2
34,20180426,2
35,20180406,2
35,20180501,2
35,20180508,2
36,20180409,2
36,20180411,2
36,20180416,2
36,20180418,2
36,20180423,2
36,20180425,2
36,20180430,2
36,20180501,2
36,20180502,2
36,20180507,2
36,20180508,2
36,20180509,2
36,20180514,2
36,20180516,2
36,20180521,2
36,20180523,2
36,20180528,2
36,20180530,2
37,20180406,2
37,20180409,2
37,20180411,2
37,20180413,2
37,20180416,2
37,20180418,2
37,20180420,2
37,20180423,2
37,20180425,2
38,20180406,2
38,20180409,2
38,20180411,2
38,20180413,2
38,20180416,2
38,20180418,2
38,20180420,2
38,20180423,2
38,20180425,2
38,20180427,2
38,20180430,2
38,20180501,2
38,20180502,2
38,20180504,2
38,20180507,2
38,20180508,2
38,20180509,2
38,20180511,2
38,20180514,2
38,20180516,2
38,20180518,2
38,20180521,2
38,20180523,2
38,20180525,2
38,20180528,2
38,20180530,2
39,20180409,2
39,20180410,2
39,20180411,2
39,20180412,2
39,20180416,2
39,20180417,2
39,20180418,2
39,20180419,2
39,20180423,2
39,20180424,2
39,20180425,2
39,20180426,2
39,20180430,2
39,20180501,2
39,20180502,2
39,20180503,2
39,20180507,2
39,20180508,2
39,20180509,2
39,20180510,2
39,20180514,2
39,20180515,2
39,20180516,2
39,20180517,2
39,20180521,2
39,20180522,2
39,20180523,2
39,20180524,2
40,20180409,2
40,20180410,2
40,20180411,2
40,20180412,2
40,20180416,2
40,20180417,2
40,20180418,2
40,20180419,2
40,20180423,2
40,20180424,2
40,20180425,2
40,20180426,2
40,20180501,2
40,20180502,2
40,20180503,2
40,20180508,2
40,20180509,2
40,20180510,2
40,20180514,2
40,20180515,2
40,20180516,2
40,20180517,2
40,20180521,2
40,20180522,2
40,20180523,2
40,20180524,2
41,20180410,2
41,20180411,2
41,20180412,2
41,20180417,2
41,20180418,2
41,20180419,2
41,20180424,2
41,20180425,2
41,20180426,2
41,20180501,2
41,20180502,2
41,20180503,2
41,20180508,2
41,20180509,2
41,20180510,2
41,20180515,2
41,20180516,2
41,20180517,2
41,20180522,2
41,20180523,2
41,20180524,2
43,20180409,2
43,20180410,2
43,20180411,2
43,20180412,2
43,20180416,2
43,20180417,2
43,20180418,2
43,20180419,2
43,20180423,2
43,20180424,2
43,20180425,2
43,20180426,2
44,20180410,2
44,20180411,2
44,20180412,2
44,20180417,2
44,20180418,2
44,20180419,2
44,20180424,2
44,20180425,2
44,20180426,2
47,20180411,2
47,20180412,2
47,20180418,2
47,20180419,2
47,20180425,2
47,20180426,2
47,20180501,2
47,20180502,2
47,20180503,2
47,20180508,2
47,20180509,2
47,20180510,2
47,20180516,2
47,20180517,2
48,20180501,1
48,20180508,1
49,20180408,2
49,20180415,2
49,20180422,2
49,20180429,2
49,20180506,2
49,20180513,2
49,20180520,2
50,20180408,2
50,20180415,2
50,20180422,2
50,20180429,2
50,20180501,1
50,20180506,2
50,20180508,1
50,20180513,2
50,20180520,2
51,20180408,2
51,20180415,2
51,20180422,2
51,20180513,2
51,20180520,2
52,20180408,2
52,20180415,2
52,20180422,2
52,20180429,2
52,20180501,1
52,20180506,2
52,20180513,2
52,20180520,2
54,20180408,2
54,20180415,2
54,20180422,2
54,20180429,2
54,20180506,2
54,20180508,1
54,20180513,2
54,20180520,2
57,20180408,2
57,20180415,2
58,20180408,2
58,20180415,2
58,20180422,2
59,20180430,1
59,20180507,1
63,20180501,1
63,20180508,1
64,20180501,1
65,20180502,1
66,20180408,2
66,20180415,2
66,20180422,2
66,20180429,2
67,20180408,2
67,20180415,2
67,20180422,2
67,20180429,2
67,20180506,2
67,20180513,2
69,20180408,2
70,20180414,2
70,20180421,2
70,20180428,2
70,20180501,1
70,20180505,2
70,20180508,1
70,20180512,2
70,20180519,2
70,20180526,2
71,20180414,2
71,20180421,2
71,20180428,2
71,20180505,2
71,20180512,2
71,20180519,2
71,20180526,2
72,20180414,2
72,20180421,2
72,20180428,2
72,20180429,2
72,20180501,1
72,20180505,2
72,20180506,2
72,20180508,1
72,20180512,2
72,20180519,2
72,20180526,2
73,20180414,2
73,20180421,2
73,20180428,2
73,20180501,1
73,20180505,2
73,20180512,2
73,20180519,2
73,20180526,2
74,20180501,1
74,20180508,1
76,20180414,2
76,20180421,2
77,20180414,2
77,20180421,2
77,20180428,2
77,20180429,2
77,20180505,2
77,20180506,2
77,20180512,2
77,20180519,2
77,20180526,2
78,20180414,2
78,20180421,2
78,20180428,2
80,20180414,2
80,20180421,2
80,20180428,2
80,20180505,2
80,20180512,2
80,20180519,2
81,20180501,1
81,20180508,1
82,20180414,2
82,20180421,2
82,20180428,2
82,20180501,1
83,20180414,2
83,20180421,2
83,20180428,2
83,20180501,1
83,20180505,2
83,20180508,1
84,20180414,2
84,20180421,2
84,20180428,2
84,20180501,1
84,20180505,2
84,20180508,1
84,20180512,2
84,20180519,2
85,20180414,2
86,20180501,2
86,20180508,2
88,20180410,2
88,20180411,2
88,20180412,2
88,20180413,2
88,20180417,2
88,20180418,2
88,20180419,2
88,20180420,2
88,20180424,2
88,20180425,2
88,20180426,2
88,20180427,2
88,20180430,2
88,20180501,2
88,20180503,2
88,20180504,2
88,20180507,2
88,20180508,2
88,20180510,2
88,20180511,2
88,20180515,2
88,20180516,2
88,20180517,2
88,20180518,2
88,20180522,2
88,20180523,2
88,20180524,2
88,20180525,2
89,20180410,2
89,20180411,2
89,20180412,2
89,20180413,2
89,20180417,2
89,20180418,2
89,20180419,2
89,20180420,2
89,20180424,2
89,20180425,2
89,20180426,2
89,20180427,2
89,20180501,2
89,20180503,2
89,20180504,2
89,20180508,2
89,20180510,2
89,20180511,2
89,20180515,2
89,20180516,2
89,20180517,2
89,20180518,2
89,20180522,2
89,20180523,2
89,20180524,2
89,20180525,2
90,20180416,2
90,20180417,2
90,20180418,2
90,20180419,2
90,20180420,2
90,20180430,2
90,20180501,2
90,20180502,2
90,20180503,2
90,20180504,2
90,20180508,2
90,20180514,2
90,20180515,2
90,20180516,2
90,20180517,2
90,20180518,2
91,20180430,2
91,20180501,2
91,20180507,2
91,20180508,2
95,20180413,2
95,20180420,2
95,20180427,2
95,20180501,2
95,20180504,2
95,20180508,2
95,20180511,2
95,20180518,2
95,20180525,2
96,20180416,2
96,20180423,2
96,20180430,2
96,20180501,2
96,20180502,2
96,20180507,2
96,20180508,2
96,20180509,2
96,20180514,2
96,20180521,2
96,20180528,2
97,20180411,2
97,20180412,2
97,20180413,2
97,20180416,2
97,20180418,2
97,20180419,2
97,20180420,2
97,20180423,2
97,20180425,2
97,20180426,2
97,20180427,2
97,20180430,2
97,20180501,2
97,20180502,2
97,20180503,2
97,20180504,2
97,20180507,2
97,20180508,2
97,20180509,2
97,20180510,2
97,20180511,2
97,20180514,2
97,20180516,2
97,20180517,2
97,20180518,2
97,20180521,2
98,20180411,2
98,20180412,2
98,20180413,2
98,20180416,2
98,20180418,2
98,20180419,2
98,20180420,2
98,20180423,2
99,20180416,2
99,20180417,2
99,20180418,2
99,20180419,2
99,20180423,2
99,20180424,2
99,20180425,2
99,20180426,2
99,20180430,2
99,20180501,2
99,20180502,2
99,20180503,2
99,20180507,2
99,20180508,2
99,20180509,2
99,20180510,2
99,20180514,2
99,20180515,2
99,20180516,2
99,20180517,2
99,20180521,2
99,20180522,2
99,20180523,2
99,20180524,2
100,20180501,1
100,20180508,1
101,20180415,2
101,20180422,2
101,20180513,2
101,20180520,2
102,20180415,2
102,20180422,2
102,20180429,2
102,20180501,1
102,20180506,2
102,20180508,1
102,20180513,2
102,20180520,2
103,20180415,2
103,20180422,2
103,20180429,2
103,20180506,2
103,20180513,2
103,20180520,2
106,20180501,1
106,20180508,1
107,20180421,2
107,20180428,2
107,20180501,1
107,20180505,2
107,20180508,1
107,20180512,2
107,20180519,2
107,20180526,2
108,20180421,2
108,20180428,2
108,20180505,2
108,20180512,2
108,20180519,2
108,20180526,2
109,20180501,1
109,20180508,1
110,20180501,2
110,20180508,2
111,20180501,2
111,20180508,2
112,20180501,1
112,20180508,1
113,20180422,2
113,20180429,2
113,20180506,2
113,20180513,2
113,20180520,2
114,20180428,2
114,20180501,1
114,20180505,2
114,20180508,1
114,20180512,2
114,20180519,2
114,20180526,2
117,20180429,2
117,20180506,2
117,20180513,2
117,20180520,2
118,20180430,1
118,20180507,1
119,20180501,1
119,20180508,1
120,20180501,1
120,20180505,2
120,20180508,1
120,20180512,2
120,20180519,2
120,20180526,2
121,20180505,2
122,20180501,2
122,20180502,2
122,20180503,2
122,20180504,2
123,20180501,2
123,20180508,2
125,20180430,2
125,20180501,2
125,20180502,2
125,20180503,2
126,20180430,2
126,20180507,2
127,20180501,2
127,20180503,2
127,20180508,2
127,20180510,2
127,20180515,2
127,20180517,2
127,20180522,2
127,20180524,2
127,20180529,2
128,20180501,1
128,20180505,2
128,20180506,2
128,20180508,1
129,20180501,1
129,20180508,1
130,20180501,1
130,20180505,2
130,20180508,1
130,20180512,2
130,20180519,2
130,20180526,2
131,20180501,1
131,20180508,1
132,20180501,1
132,20180505,2
132,20180508,1
132,20180512,2
132,20180519,2
133,20180501,1
133,20180505,2
133,20180512,2
133,20180519,2
133,20180526,2
134,20180501,1
134,20180506,2
134,20180508,1
134,20180513,2
134,20180520,2
135,20180507,2
135,20180508,2
136,20180508,2
137,20180508,2
138,20180508,2
139,20180506,2
139,20180507,2
140,20180504,2
140,20180508,2
140,20180511,2
140,20180518,2
140,20180525,2
142,20180504,2
142,20180507,2
142,20180508,2
142,20180511,2
142,20180514,2
143,20180508,2
143,20180515,2
143,20180522,2
143,20180529,2
144,20180503,2
144,20180508,2
144,20180510,2
144,20180515,2
144,20180517,2
145,20180504,2
145,20180507,2
145,20180508,2
145,20180509,2
145,20180511,2
145,20180514,2
145,20180516,2
145,20180518,2
145,20180521,2
145,20180523,2
145,20180525,2
145,20180528,2
145,20180530,2
146,20180504,2
146,20180507,2
146,20180508,2
146,20180509,2
146,20180511,2
146,20180514,2
146,20180516,2
147,20180507,2
147,20180508,2
147,20180509,2
147,20180510,2
147,20180514,2
147,20180515,2
147,20180516,2
147,20180517,2
147,20180521,2
147,20180522,2
147,20180523,2
147,20180524,2
148,20180508,2
148,20180509,2
148,20180510,2
148,20180515,2
148,20180516,2
148,20180517,2
149,20180506,2
149,20180513,2
149,20180520,2
150,20180506,2
150,20180513,2
151,20180512,2
151,20180519,2
151,20180526,2
152,20180508,1
152,20180512,2
152,20180519,2
152,20180526,2
154,20180508,2
155,20180508,2
156,20180508,1
157,20180513,2
157,20180520,2
159,20180519,2
159,20180526,2
160,20180516,2
160,20180517,2
160,20180518,2
160,20180521,2
160,20180523,2
160,20180524,2
160,20180525,2
160,20180528,2
162,20180522,2
162,20180523,2
162,20180524,2
163,20180523,2
163,20180524,2
164,20180522,2
164,20180524,2
164,20180529,2
165,20180525,2
165,20180528,2
166,20180523,2
166,20180525,2
166,20180528,2
166,20180530,2
167,20180525,2
167,20180528,2
167,20180529,2
172,20180529,2
175,20180409,2
175,20180410,2
175,20180411,2
175,20180412,2
176,20180429,1
176,20180506,1
177,20180429,2
177,20180501,1
177,20180506,2
177,20180508,1
180,20180429,1
180,20180506,1
183,20180429,2
183,20180501,1
183,20180506,2
183,20180508,1
184,20180501,1
184,20180508,1
185,20180501,2
185,20180508,2
186,20180429,2
186,20180501,1
186,20180506,2
186,20180508,1
186,20180513,2
186,20180520,2
187,20180505,2
187,20180512,2
187,20180519,2
187,20180526,2
